0.000000000000000000e+00 7.389821338600000011e-01
1.000000000000000000e+00 6.351854768700000431e-01
2.000000000000000000e+00 5.941858507689999902e-01
3.000000000000000000e+00 5.804141346510000021e-01
4.000000000000000000e+00 5.788553403439999911e-01
5.000000000000000000e+00 6.289174274929999475e-01
6.000000000000000000e+00 8.212578047130000281e-01
7.000000000000000000e+00 1.142576790619999949e+00
8.000000000000000000e+00 1.082902587800000038e+00
9.000000000000000000e+00 9.563524454349999759e-01
1.000000000000000000e+01 9.846394266389999483e-01
1.100000000000000000e+01 9.773474616520000380e-01
1.200000000000000000e+01 9.504713788690000165e-01
1.300000000000000000e+01 8.999434203449999670e-01
1.400000000000000000e+01 9.064264141929999630e-01
1.500000000000000000e+01 9.707926211870000488e-01
1.600000000000000000e+01 1.200358617790000082e+00
1.700000000000000000e+01 1.642644937910000102e+00
1.800000000000000000e+01 1.886853137379999934e+00
1.900000000000000000e+01 1.833623048540000022e+00
2.000000000000000000e+01 1.711151125100000003e+00
2.100000000000000000e+01 1.575461759590000010e+00
2.200000000000000000e+01 1.298973867519999992e+00
2.300000000000000000e+01 1.020135837890000063e+00
