0.000000000000000000e+00 2.464088445996288712e+01
1.000000000000000000e+00 2.075322982644051351e+01
2.000000000000000000e+00 2.116574822470820294e+01
3.000000000000000000e+00 1.780904469472611495e+01
4.000000000000000000e+00 1.405761689201624876e+01
5.000000000000000000e+00 1.354372742470571644e+01
6.000000000000000000e+00 1.624016344080670038e+01
7.000000000000000000e+00 1.875575481760354180e+01
8.000000000000000000e+00 2.213307543108360065e+01
9.000000000000000000e+00 1.981871755505682131e+01
1.000000000000000000e+01 1.867428640903048986e+01
1.100000000000000000e+01 1.598473466834433765e+01
1.200000000000000000e+01 2.145027838173757573e+01
1.300000000000000000e+01 1.931435895305196482e+01
1.400000000000000000e+01 1.821689003799710704e+01
1.500000000000000000e+01 1.885938936616126327e+01
1.600000000000000000e+01 2.098912918481380174e+01
1.700000000000000000e+01 2.547663299737111942e+01
1.800000000000000000e+01 2.755525040090464017e+01
1.900000000000000000e+01 2.882366544740530045e+01
2.000000000000000000e+01 2.611925943150723484e+01
2.100000000000000000e+01 2.180939083423432834e+01
2.200000000000000000e+01 1.801528165593951059e+01
2.300000000000000000e+01 2.284990779850189213e+01
